385.993 35.9729 25.357 17.7331
433.082 43.9363 83.4745 31.8487
408.906 47.0121 55.5345 32.6076
494.911 47.0384 153.594 40.9034
471.851 56.7275 129.501 48.6418
499.797 61.999 158.964 56.3845
672.959 70.0566 324.914 72.347
383.148 84.279 25.4258 75.325
387.752 84.5242 30.9322 73.842
371.354 84.7635 10.217 72.2388
510.172 100.113 169.021 95.5619
480.543 105.459 138.4 100.14
423.286 106.45 75.1178 99.6747
418.274 113.083 70.0889 106.524
471.557 113.635 128.425 108.447
441.566 125.277 95.6885 120.234
553.649 136.811 215.426 133.045
413.781 137.876 63.9914 133.182
420.35 137.615 71.2517 132.968
538.803 169.038 201.032 165.218
399.359 177.03 49.8454 176.169
414.408 184.683 67.076 184.014
573.926 185.962 236.206 180.863
600.065 186.609 260.938 181.05
623.795 188.065 282.165 181.766
411.854 202.768 65.3569 203.654
459.081 206.221 119.623 205.216
501.295 239.452 161.929 237.203
539.128 249.894 198.398 245.327
468.474 252.936 127.033 253.862
472.56 292.273 128.956 293.438
675.768 300.856 322.969 283.639
553.557 301.383 211.104 295.172
684.226 303.075 329.709 284.435
497.938 309.604 152.969 308.888
528.385 314.762 184.246 310.503
410.081 315.794 56.7858 325.617
524.328 318.329 180.507 314.737
512.735 319.267 171.268 317.299
529.888 320.183 185.962 316.166
489.551 322.663 143.029 322.887
675.781 338.428 323.07 318.184
606.391 341.293 259.114 328.274
520.001 343.418 174.431 341.024
452.101 348.552 101.957 354.997
423.559 349.528 70.8168 360.217
583.378 352.33 237.701 341.622
397.148 355.771 39.7704 371.061
565.058 358.459 219.447 350.2
578.869 370.147 232.725 359.189
381.229 371.031 18.8433 391.489
428.029 378.451 74.8928 390.455
418.496 383.41 63.6741 397.481
371.239 406.701 4.608 433.389
599.482 426.743 250.24 411.148
559.031 458.823 209.92 448.872
604.21 470.055 253.581 451.874
438.015 42.3118 87.7797 30.5976
685.498 53.4305 332.736 58.9124
422.431 63.5026 71.1707 52.3981
530.68 69.2757 190.95 65.4482
514.89 74.6472 173.467 69.8422
659.545 81.7077 310.537 83.1588
426.691 88.8503 78.2023 80.8553
536.943 124.459 196.951 120.995
563.147 135.546 223.629 132.006
560.832 156.838 221.972 153.056
710.215 159.392 354.757 154.86
692.189 175.251 341.124 169.163
513.91 197.168 177.076 193.957
471.534 203.296 132.633 201.762
453.24 204.922 113.418 204.131
465.493 208.636 126.253 207.58
550.05 216.253 215.46 211.879
553.959 240.548 215.996 235.852
611.225 248.949 268.017 239.802
552.757 258.946 212.271 253.597
398.773 273.138 45.677 280.346
669.039 273.706 319.051 258.887
450.225 277.39 105.145 280.16
688.115 290.09 331.567 272.679
650.699 300.78 301.617 285.833
622.528 311.111 275.986 298.182
616.488 315.178 270.528 302.534
660.377 322.026 309.443 304.605
412.286 326.289 58.9113 336.845
529.455 333.338 183.244 328.806
460.24 338.299 113.107 342.872
591.262 338.968 247.253 327.655
539.203 342.544 195.19 337.471
698.991 348.505 340.034 325.047
452.907 349.104 101.957 354.997
545.935 354.432 200.725 348.228
455.733 358.281 105.8 364.136
527.947 358.203 182.325 354.378
375.284 361.369 11.9944 381.634
558.817 364.095 213.732 356.462
537.28 369.493 191.974 364.522
461.202 369.885 112.01 375.705
437.763 391.297 84.4313 403.637
420.469 411.018 64.6147 427.043
454.591 412.883 103.724 421.814
411.634 417.003 53.9119 436.137
398.746 425.126 37.4039 447.791
427.972 426.83 74.9289 441.214
391.544 428.738 27.5886 454.284
421.563 430.674 65.0223 448.681
387.465 447.702 22.5113 476.101
586.252 449.621 237.599 435.008
472.261 41.3811 129.524 32.9911
568.003 42.7139 228.364 41.6928
505.456 56.9648 164.891 51.4455
676.093 61.0244 324.81 65.3509
699.854 60.5926 343.893 66.591
483.458 92.8055 141.38 86.8542
612.612 93.0597 270.528 92.1623
670.805 109.758 320.8 109.377
412.158 112.187 62.878 105.05
453.507 130.367 110.54 126.54
482.337 131.408 141.027 126.901
495.709 131.727 154.766 127.922
508.631 132.413 168.94 128.62
523.115 133.351 183.605 129.429
448.544 142.066 104.685 137.893
455.093 143.024 112.28 139.427
611.191 143.997 269.641 140.413
694.618 145.359 341.763 142.687
600.271 154.809 259.427 150.341
409.861 156.288 60.374 153.219
662.869 158.159 315.725 153.365
447.677 159.583 104.785 155.818
629.803 159.607 286.62 154.288
412.236 168.386 63.8798 166.324
406.877 173.048 57.9453 171.255
425.191 178.755 79.2011 177.024
441.793 192.092 98.7903 191.368
633.66 246.449 290.114 236.304
477.564 279.648 134.068 280.13
693.045 303.995 336.785 285.194
641.378 321.972 294.371 306.723
482.283 327.299 137.026 328.905
507.284 330.419 162.693 328.791
621.59 338.214 275.115 323.631
605.267 342.271 258.239 329.372
530.873 343.004 185.032 340.139
455.17 349.794 106.451 356.373
442.356 372.697 91.0407 383.051
459.487 396.029 109.747 403.21
693.854 402.839 335.052 373.843
395.576 444.027 32.9911 469.49
679.164 458.718 320.662 426.129
559.966 25.1513 220.195 24.0989
458.216 46.565 112.645 37.2221
403.92 54.3604 48.9404 40.4645
692.306 56.7306 337.973 62.5278
676.6 76.2738 325.71 79.2529
401.723 97.9614 49.2853 89.0728
410.053 103.839 58.9144 96.5
558.669 108.844 218.012 106.049
641.955 108.617 296.331 107.484
709.339 112 351.77 112.873
693.648 139.285 340.588 135.818
569.126 140.809 229.32 137.092
577.389 142.503 237.751 138.603
686.602 146.111 335.443 142.689
564.178 149.643 224.921 145.584
460.961 152.244 119.02 150.949
652.883 159.606 306.907 154.978
474.674 167.277 134.047 164.103
575.74 174 237.283 169.373
683.871 177.46 334.257 170.917
699.522 184.297 347.404 177.136
580.753 192.024 243.12 186.747
570.516 192.555 233.066 187.492
467.546 195.95 128.671 193.158
689.195 196.789 339.296 188.379
549.534 252.066 209.809 246.921
704.799 254.908 352.026 240.258
413.192 305.367 59.9113 313.957
565.456 329.834 221.159 321.528
494.668 333.096 147.98 332.723
620.358 351.981 272.884 336.789
549.855 365.481 203.866 358.459
591.48 372.47 245.238 359.702
578.147 405.416 231.106 394.035
493.49 417.212 145.359 420.857
500.654 421.037 155.558 420.545
560.64 436.24 213.72 426.904
415.224 443.124 59.0234 463.686
572.109 444.531 223.989 432.632
449.762 40.8801 101.256 30.8192
392.823 54.7641 36.0399 39.9523
531.762 55.2835 191.71 51.4353
440.085 97.1067 93.8942 90.157
525.098 107.681 185.252 103.789
461.461 115.67 117.502 109.931
545.655 120.862 206.044 117.351
577.875 127.498 237.936 124.074
704.235 153.802 350.112 149.226
432.142 155.465 86.0835 152.09
662.514 159.812 315.364 155.408
530.399 172.061 192.484 168.119
699.807 184.111 347.404 177.136
414.206 284.594 63.5619 291.359
490.404 296.419 147.81 296.021
512.844 322.465 167.629 319.685
552.275 341.632 208.074 334.889
591.075 354.887 244.939 343.586
613.812 359.184 265.576 343.657
646.515 368.158 295.637 349.01
614.035 376.203 266.413 361.511
624.876 390.369 276.482 374.043
400.889 393.122 41.9647 411.835
579.389 468.036 231.747 454.213
498.973 54.8438 157.789 48.7758
516.103 54.2537 175.97 49.39
465.115 102.445 121.03 96.1959
675.873 101.452 325.652 101.977
449.794 105.254 105.174 98.7823
427.705 120.174 80.8833 114.327
659.747 129.17 311.613 126.617
399.559 155.791 49.5005 153.347
543.986 159.408 205.68 155.577
619.774 159.327 277.626 154.841
543.329 173.176 205.454 169.213
416.34 183.401 68.7768 182.08
618.164 202.699 278.291 195.868
671.232 294.814 320.47 278.848
644.049 314.167 295.004 298.814
404.941 340.066 49.5426 352.478
625.429 369.89 278.105 355.324
472.116 371.493 124.783 376.159
445.32 425.434 93.1158 437.343
608.42 433.106 259.982 415.897
441.32 81.2399 94.0443 73.4321
462.258 81.8039 117.856 74.6387
413.745 87.8439 63.5245 78.3391
575.293 114.576 235.267 112.163
481.154 117.039 138.936 112.184
523.165 120.046 183.268 115.991
704.455 134.002 349.654 132.101
573.874 157.364 235.016 154.449
640.871 158.886 296.459 154.094
598.306 159.079 257.636 154.637
631.802 172.814 288.608 167.282
484.091 246.23 147.484 244.551
636.779 275.822 289.848 263.376
545.11 308.714 203.481 302.967
608.296 386.174 260.53 371.152
385.304 410.537 20.7533 435.851
563.865 71.1881 223.953 68.659
643.666 115.934 297.678 113.997
668.393 115.79 318.546 114.753
424.829 132.991 76.2993 128.211
435.093 188.253 90.359 187.589
492.023 282.255 149.859 281.474
525.238 347.224 179.748 343.778
498.113 364.097 152.439 364.537
613.986 413.794 264.352 396.646
679.545 418.345 321.716 391.18
498.532 38.6583 156.861 32.2184
580.61 55.0319 243.311 52.0232
697.008 87.4042 342.914 90.0362
641.906 96.0644 296.093 95.9909
695.098 111.403 340.252 111.656
395.72 152.541 44.5781 149.254
524.066 346.698 179.748 343.778
551.979 376.251 205.609 368.882
689.703 442.608 329.701 410.206
426.3 111.178 79.5024 103.361
381.886 205.634 30.3965 207.487
468.717 414.441 119.511 421.309
584.27 52.3574 243.311 52.0232
541.639 76.7082 201.744 73.3994
469.3 352.799 120.314 356.921
540.424 46.7659 200.754 43.2988
596.495 155.168 255.918 150.74
493.196 54.7784 150.1 48.0063
664.875 159.913 318.073 155.262